50
10
10
6
0
9
11
6
1
8
12
6
1
7
13
6
1
6
13
6
1
5
14
6
1
4
15
6
1
3
15
6
1
2
16
6
1
1
17
6
1
0
18
6
1
0
17
7
2
0
16
8
2
0
15
9
2
0
14
10
2
0
13
11
2
0
12
12
2
0
11
13
2
0
10
14
2
0
9
15
2
0
8
16
2
0
7
16
2
0
6
17
2
0
5
18
2
0
4
18
2
0
3
19
2
0
2
19
2
0
1
20
2
0
0
21
2
0
0
20
25
0
0
19
40
0
0
18
49
0
0
17
50
0
0
16
50
0
0
15
51
0
0
14
52
0
0
13
94
0
0
12
93
0
0
11
94
0
0
10
96
0
0
9
97
0
0
8
96
0
0
7
97
0
0
6
99
0
0
5
124
0
0
4
129
0
0
3
139
0
0
2
139
0
0
1
139
0
0
0
140
